atm13C
-6.74
-6.75
-6.76
-6.76
-6.78
-6.79
-6.8
-6.81
-6.82
-6.83
-6.84
-6.85
-6.85
-6.86
-6.86
-6.87
-6.87
-6.87
-6.87
-6.87
-6.87
-6.87
-6.86
-6.86
-6.86
-6.86
-6.86
-6.86
-6.87
-6.88
-6.89
-6.89
-6.9
-6.91
-6.92
-6.93
-6.93
-6.93
-6.94
-6.95
-6.96
-6.96
-6.97
-6.97
-6.98
-6.98
-6.98
-6.98
-6.98
-6.98
-6.98
-6.98
-6.98
-6.99
-7
-7
-7.01
-7.02
-7.04
-7.06
-7.08
-7.11
-7.15
-7.19
-7.23
-7.26
-7.29
-7.3
-7.31
-7.32
-7.33
-7.35
-7.37
-7.4
-7.44
-7.49
-7.54
-7.55
-7.56
-7.58
-7.61
-7.64
-7.68
-7.71
-7.71
-7.72
-7.75
-7.8
-7.84
-7.86
-7.86
-7.85
-7.85
-7.88
-7.92
-7.95
-7.98
-8.03
-8.06
-8.06
-8.07
-8.11